% -------------------------------------------------------------------
%  Generated by MATLAB on 22-Jun-2026 08:30:39
%  MATLAB version: 26.1.0.3276743 (R2026a) Update 3
% -------------------------------------------------------------------
                                             

alpha = -0.05;

beta_im = 0.1;

lambda = -0.05 + 0.1i;

r = 0.1118033988749895;

theta_deg = 116.56505117707799;

theta_rad = 2.0344439357957027;

